0.000000000000000000e+00 3.079522084966419548e-01
1.000000000000000056e-01 3.443356115457940625e-01
2.000000000000000111e-01 3.796357758314920505e-01
3.000000000000000444e-01 4.539216845003041789e-01
4.000000000000000222e-01 4.770788781949384383e-01
5.000000000000000000e-01 5.183826326649881855e-01
6.000000000000000888e-01 5.719571574471892239e-01
7.000000000000000666e-01 6.231315318452262941e-01
8.000000000000000444e-01 7.476342570810821098e-01
9.000000000000000222e-01 8.214484495933030983e-01
1.000000000000000000e+00 9.646837539859319799e-01
1.100000000000000089e+00 1.118513921903755648e+00
1.200000000000000178e+00 1.192125513049542063e+00
1.300000000000000044e+00 1.292821974731531931e+00
1.400000000000000133e+00 1.445288186638396866e+00
1.500000000000000000e+00 1.521861651953388517e+00
1.600000000000000089e+00 1.666140119590976187e+00
1.700000000000000178e+00 1.763400597174550333e+00
1.800000000000000044e+00 1.898509478211508172e+00
1.900000000000000133e+00 2.044460220366682179e+00
2.000000000000000000e+00 2.157623541291501468e+00
2.100000000000000089e+00 2.343479162875860222e+00
2.200000000000000178e+00 2.490553009787089600e+00
2.300000000000000266e+00 2.690319121875620834e+00
2.400000000000000355e+00 2.879470367403981879e+00
2.500000000000000000e+00 3.093610009819733886e+00
2.600000000000000089e+00 3.300971658362585437e+00
2.700000000000000178e+00 3.455890138765237651e+00
2.800000000000000266e+00 3.611106445940022169e+00
2.900000000000000355e+00 3.798580138569258580e+00
3.000000000000000000e+00 3.951123061171067263e+00
3.100000000000000089e+00 4.176008174608195844e+00
3.200000000000000178e+00 4.370893752580488290e+00
3.300000000000000266e+00 4.553504482715882595e+00
3.400000000000000355e+00 4.820399800652205080e+00
3.500000000000000000e+00 5.094107662855177132e+00
3.600000000000000089e+00 5.348953605510972764e+00
3.700000000000000178e+00 5.544155083803929962e+00
3.800000000000000266e+00 5.804554956049016390e+00
3.900000000000000355e+00 6.095745772450226418e+00
4.000000000000000000e+00 6.312529890445415681e+00
4.100000000000000533e+00 6.594020664023201306e+00
4.200000000000000178e+00 6.815744163968776803e+00
4.299999999999999822e+00 7.102484399930927061e+00
4.400000000000000355e+00 7.358974660037887361e+00
4.500000000000000000e+00 7.608428186480022504e+00
4.600000000000000533e+00 7.845689190440897853e+00
4.700000000000000178e+00 8.168363058611740612e+00
4.800000000000000711e+00 8.423368338393581567e+00
4.900000000000000355e+00 8.711768924611570597e+00
5.000000000000000000e+00 9.004310382909888943e+00
5.100000000000000533e+00 9.266228306462892306e+00
5.200000000000000178e+00 9.584925419039395322e+00
5.300000000000000711e+00 9.880029037677848791e+00
5.400000000000000355e+00 1.016713739984248122e+01
5.500000000000000000e+00 1.045489322788887954e+01
5.600000000000000533e+00 1.074782294345601841e+01
5.700000000000000178e+00 1.110136043770624603e+01
5.800000000000000711e+00 1.146270431308236226e+01
5.900000000000000355e+00 1.179380864754663882e+01
6.000000000000000000e+00 1.217059584973714692e+01
6.100000000000000533e+00 1.257051285677419372e+01
6.200000000000000178e+00 1.294531201843926738e+01
6.300000000000000711e+00 1.326725208195877137e+01
6.400000000000000355e+00 1.364077828507756607e+01
6.500000000000000000e+00 1.398689315961509294e+01
6.600000000000000533e+00 1.439453975036722255e+01
6.700000000000000178e+00 1.479583959016823158e+01
6.800000000000000711e+00 1.519267783662007254e+01
6.900000000000000355e+00 1.562749179521218856e+01
7.000000000000000000e+00 1.606680026094617730e+01
7.100000000000000533e+00 1.644294982103456348e+01
7.200000000000000178e+00 1.681078948873013346e+01
7.300000000000000711e+00 1.718121883459903287e+01
7.400000000000000355e+00 1.762728371756393742e+01
7.500000000000000000e+00 1.802130503455836319e+01
7.600000000000000533e+00 1.841200109528720574e+01
7.700000000000000178e+00 1.881865044277328991e+01
7.800000000000000711e+00 1.922501191793320530e+01
7.900000000000000355e+00 1.971768116946461902e+01
8.000000000000000000e+00 2.012327002061019243e+01
8.099999999999999645e+00 2.057832281092854743e+01
8.200000000000001066e+00 2.107688022127629068e+01
8.300000000000000711e+00 2.154785727189900157e+01
8.400000000000000355e+00 2.205203633255690576e+01
8.500000000000000000e+00 2.253780384576890583e+01
8.599999999999999645e+00 2.298410491880737538e+01
8.700000000000001066e+00 2.341933320098008409e+01
8.800000000000000711e+00 2.389601327083635596e+01
8.900000000000000355e+00 2.438005433036077818e+01
9.000000000000000000e+00 2.488558228058392174e+01
9.099999999999999645e+00 2.543940245638037467e+01
9.200000000000001066e+00 2.595893119364382073e+01
9.300000000000000711e+00 2.649544917217727402e+01
9.400000000000000355e+00 2.700730768902220191e+01
9.500000000000000000e+00 2.750772451903166882e+01
9.600000000000001421e+00 2.801684932359974312e+01
9.700000000000001066e+00 2.851077315321169436e+01
9.800000000000000711e+00 2.909753049359798638e+01
9.900000000000000355e+00 2.966852338139879919e+01
