0 58
1 62
2 70
3 55
4 85
5 83
6 94
7 66
8 75
9 75
10 158
11 85
12 73
13 75
14 89
15 88
16 90
17 100
18 85
19 103
20 91
21 65
22 63
23 75
24 70
25 43
26 45
27 56
28 60
29 50
30 66
31 59
32 23
33 23
34 28
35 44
36 35
37 50
38 71
39 59
40 59
41 39
42 78
43 29
44 27
45 46
46 37
47 40
48 44
49 32
50 45
51 38
52 36
53 31
54 22
55 39
56 28
57 25
58 20
59 6
60 0
61 3
62 1
63 13
64 20
65 26
66 18
67 12
68 8
69 24
70 13
71 4
72 10
73 11
74 6
75 6
76 0
77 0
78 8
79 3
80 17
81 23
82 6
83 20
84 12
85 7
86 5
87 9
88 12
89 12
90 3
91 6
92 11
93 14
94 17
95 9
96 14
97 21
98 26
99 30
100 38
101 12
102 25
103 51
104 39
105 32
106 64
107 33
108 37
109 52
110 49
111 72
112 46
113 45
114 44
115 38
116 62
117 37
118 43
119 43
120 48
121 44
122 46
123 47
124 49
125 50
126 51
127 71
128 77
129 59
130 46
131 57
132 67
133 59
134 74
135 58
136 72
137 48
138 66
139 75
140 61
141 50
142 59
143 61
144 70
145 91
146 80
147 71
148 107
149 99
150 94
151 91
152 100
153 88
154 89
155 46
156 43
157 72
158 45
159 60
160 39
161 77
162 33
163 67
164 68
165 69
166 77
167 77
168 56
169 31
170 34
171 32
172 32
173 35
174 54
175 26
176 68
177 46
178 60
179 61
180 59
181 59
182 40
183 34
184 44
185 30
186 30
187 30
188 28
189 28
190 26
191 25
192 24
193 26
194 25
195 22
196 20
197 20
198 27
199 29
200 16
201 14
202 14
203 13
204 12
205 11
206 36
207 6
208 26
209 3
210 3
211 4
212 4
213 5
214 5
215 19
216 27
217 30
218 43
219 32
220 29
221 33
222 21
223 40
224 42
225 44
226 54
227 53
228 53
229 66
230 46
231 42
232 77
233 77
234 52
235 66
236 74
237 77
238 90
239 111
240 73
241 64
242 64
243 96
244 73
245 94
246 118
247 120
248 148
249 158
250 148
251 112
252 104
253 142
254 80
255 51
256 70
257 83
258 109
259 126
260 104
261 103
262 132
263 102
264 36
265 46
266 46
267 64
268 152
269 119
270 67
271 58
272 101
273 90
274 99
275 95
276 100
277 90
278 31
279 92
280 38
281 57
282 77
283 56
284 50
285 78
286 61
287 64
288 54
289 29
290 51
291 32
292 41
293 28
294 27
295 12
296 29
297 26
298 40
299 43
300 46
301 65
302 55
303 43
304 51
305 28
306 17
307 6
308 7
309 14
310 17
311 12
312 4
313 0
314 11
315 11
316 3
317 12
318 1
319 7
320 3
321 5
322 15
323 7
324 21
325 11
326 6
327 21
328 11
329 19
330 1
331 24
332 16
333 30
334 35
335 40
336 45
337 36
338 39
339 95
340 80
341 80
342 95
343 112
344 116
345 106
346 146
347 157
348 177
349 109
350 134
351 145
352 238
353 171
354 153
355 140
356 171
357 156
358 150
359 105
360 114
361 165
362 118
363 145
364 140
365 113
366 143
367 112
368 111
369 124
370 114
371 110
372 70
373 98
374 98
375 95
376 107
377 88
378 86
379 86
380 93
381 77
382 60
383 58
384 98
385 74
386 53
387 68
388 104
389 97
390 73
391 66
392 51
393 27
394 67
395 35
396 54
397 37
398 37
399 41
400 54
401 38
402 37
403 44
404 34
405 23
406 31
407 30
408 28
409 38
410 26
411 28
412 23
413 25
414 32
415 20
416 18
417 8
418 15
419 10
420 13
421 8
422 11
423 10
424 6
425 9
426 6
427 10
428 10
429 8
430 17
431 14
432 6
433 8
434 9
435 15
436 20
437 26
438 36
439 20
440 32
441 47
442 40
443 27
444 37
445 47
446 47
447 85
448 92
449 59
450 83
451 89
452 111
453 112
454 116
455 112
456 134
457 106
458 87
459 127
460 134
461 99
462 128
463 137
464 157
465 157
466 141
467 174
468 138
469 129
470 143
471 108
472 113
473 154
474 141
475 136
476 141
477 142
478 94
479 129
480 114
481 125
482 120
483 123
484 123
485 120
486 117
487 103
488 112
489 89
490 134
491 135
492 103
493 127
494 96
495 94
496 93
497 91
498 69
499 87
500 77
501 84
502 82
503 74
504 72
505 62
506 74
507 77
508 73
509 64
510 71
511 43
512 66
513 61
514 67
515 66
516 58
517 64
518 63
519 75
520 62
521 61
522 45
523 60
524 59
525 59
526 57
527 56
528 56
529 55
530 55
531 53
532 52
533 51
534 50
535 29
536 24
537 47
538 44
539 45
540 45
541 44
542 38
543 28
544 55
545 41
546 41
547 40
548 11
549 28
550 67
551 51
552 21
553 39
554 12
555 18
556 31
557 17
558 12
559 25
560 13
561 19
562 25
563 18
564 22
565 23
566 15
567 31
568 21
569 6
570 26
571 1
572 18
573 11
574 8
575 5
576 14
577 4
578 4
579 4
580 7
581 11
582 4
583 6
584 5
585 6
586 5
587 3
588 2
589 4
590 12
591 1
592 0
593 0
594 0
595 3
596 2
597 1
598 12
599 9
600 1
601 12
602 21
603 8
604 8
605 10
606 2
607 0
608 0
609 4
610 2
611 8
612 6
613 9
614 13
615 0
616 5
617 23
618 21
619 19
620 11
621 12
622 10
623 40
624 27
625 29
626 30
627 31
628 32
629 31
630 35
631 38
632 33
633 32
634 39
635 48
636 47
637 47
638 40
639 42
640 44
641 46
642 48
643 50
644 51
645 38
646 34
647 50
648 50
649 50
650 29
651 25
652 44
653 36
654 48
655 34
656 45
657 54
658 51
659 48
660 45
661 48
662 48
663 50
664 33
665 34
666 29
667 43
668 53
669 62
670 61
671 60
672 61
673 44
674 51
675 37
676 39
677 40
678 37
679 42
680 44
681 29
682 41
683 38
684 39
685 29
686 32
687 27
688 26
689 25
690 30
691 26
692 24
693 27
694 25
695 24
696 12
697 12
698 9
699 23
700 10
701 12
702 12
703 12
704 5
705 8
706 2
707 0
708 0
709 4
710 0
711 12
712 13
713 13
714 6
715 8
716 11
717 4
718 10
719 12
720 7
721 9
722 0
723 2
724 2
725 7
726 0
727 0
728 0
729 0
730 0
731 0
732 0
733 0
734 0
735 0
736 0
737 0
738 0
739 0
740 0
741 0
742 0
743 0
744 0
745 0
746 0
747 0
748 0
749 0
750 6
751 0
752 2
753 6
754 0
755 1
756 11
757 1
758 0
759 0
760 1
761 1
762 0
763 15
764 5
765 3
766 7
767 10
768 0
769 10
770 1
771 16
772 5
773 11
774 18
775 8
776 15
777 27
778 16
779 14
780 22
781 12
782 5
783 23
784 5
785 14
786 18
787 2
788 8
789 19
790 14
791 20
792 19
793 32
794 26
795 31
796 9
797 55
798 35
799 47
800 31
801 33
802 37
803 65
804 26
805 68
806 73
807 58
808 44
809 43
810 38
811 23
812 47
813 56
814 38
815 29
816 36
817 57
818 96
819 26
820 21
821 40
822 50
823 45
824 36
825 25
826 28
827 28
828 34
829 22
830 25
831 34
832 53
833 36
834 28
835 31
836 26
837 31
838 10
839 25
840 32
841 20
842 3
843 20
844 19
845 35
846 31
847 26
848 14
849 27
850 25
851 30
852 19
853 26
854 4
855 19
856 29
857 10
858 20
859 25
860 5
861 8
862 7
863 9
864 21
865 4
866 5
867 9
868 1
869 1
870 2
871 4
872 4
873 18
874 4
875 0
876 0
877 0
878 16
879 13
880 1
881 5
882 8
883 2
884 0
885 0
886 0
887 0
888 0
889 0
890 0
891 0
892 0
893 0
894 0
895 0
896 0
897 0
898 0
899 20
900 21
901 10
902 0
903 19
904 2
905 0
906 0
907 1
908 20
909 25
910 0
911 0
912 5
913 15
914 22
915 3
916 15
917 15
918 30
919 25
920 15
921 15
922 11
923 22
924 17
925 18
926 36
927 24
928 32
929 37
930 52
931 39
932 18
933 50
934 39
935 68
936 34
937 47
938 57
939 46
940 56
941 56
942 42
943 53
944 49
945 56
946 48
947 46
948 52
949 64
950 65
951 61
952 89
953 98
954 54
955 76
956 50
957 54
958 57
959 46
960 43
961 49
962 72
963 95
964 67
965 73
966 90
967 77
968 52
969 57
970 67
971 56
972 52
973 72
974 84
975 106
976 66
977 65
978 43
979 50
980 62
981 84
982 81
983 82
984 47
985 50
986 93
987 54
988 38
989 33
990 45
991 55
992 37
993 46
994 43
995 28
996 30
997 55
998 55
999 26
1000 41
1001 26
1002 14
1003 8
1004 8
1005 21
1006 14
1007 27
1008 11
1009 15
1010 11
1011 2
1012 12
1013 1
1014 7
1015 5
1016 11
1017 7
1018 5
1019 9
1020 4
1021 18
1022 3
1023 1
1024 8
1025 7
1026 8
1027 4
1028 11
1029 24
1030 30
1031 34
1032 7
1033 24
1034 19
1035 61
1036 43
1037 33
1038 59
1039 59
1040 100
1041 95
1042 100
1043 77
1044 88
1045 107
1046 98
1047 142
1048 111
1049 124
1050 116
1051 107
1052 95
1053 137
1054 120
1055 206
1056 188
1057 175
1058 134
1059 138
1060 111
1061 158
1062 162
1063 134
1064 96
1065 123
1066 107
1067 129
1068 144
1069 84
1070 140
1071 126
1072 137
1073 94
1074 108
1075 78
1076 73
1077 90
1078 77
1079 79
1080 105
1081 102
1082 77
1083 61
1084 53
1085 54
1086 84
1087 131
1088 132
1089 90
1090 68
1091 63
1092 81
1093 87
1094 67
1095 65
1096 69
1097 48
1098 60
1099 57
1100 74
1101 55
1102 54
1103 53
1104 24
1105 29
1106 29
1107 40
1108 67
1109 55
1110 30
1111 39
1112 36
1113 28
1114 19
1115 38
1116 20
1117 22
1118 21
1119 26
1120 24
1121 20
1122 12
1123 26
1124 18
1125 38
1126 40
1127 17
1128 13
1129 3
1130 8
1131 9
1132 21
1133 10
1134 9
1135 11
1136 4
1137 5
1138 19
1139 12
1140 9
1141 14
1142 13
1143 20
1144 11
1145 3
1146 21
1147 23
1148 7
1149 21
1150 10
1151 21
1152 25
1153 43
1154 43
1155 57
1156 47
1157 31
1158 30
1159 32
1160 29
1161 40
1162 39
1163 59
1164 38
1165 51
1166 63
1167 69
1168 60
1169 65
1170 46
1171 54
1172 107
1173 55
1174 60
1175 65
1176 62
1177 44
1178 85
1179 44
1180 75
1181 85
1182 52
1183 140
1184 160
1185 180
1186 138
1187 109
1188 159
1189 111
1190 108
1191 107
1192 102
1193 129
1194 139
1195 132
1196 100
1197 132
1198 114
1199 159
1200 157
1201 131
1202 96
1203 102
1204 80
1205 81
1206 78
1207 67
1208 93
1209 71
1210 99
1211 97
1212 78
1213 89
1214 82
1215 44
1216 61
1217 70
1218 39
1219 61
1220 86
1221 71
1222 54
1223 61
1224 75
1225 105
1226 64
1227 56
1228 62
1229 63
1230 36
1231 57
1232 67
1233 62
1234 51
1235 71
1236 68
1237 66
1238 61
1239 65
1240 54
1241 46
1242 42
1243 39
1244 37
1245 67
1246 54
1247 45
1248 41
1249 42
1250 37
1251 47
1252 34
1253 40
1254 45
1255 50
1256 33
1257 42
1258 28
1259 23
1260 15
1261 20
1262 20
1263 26
1264 24
1265 21
1266 18
1267 15
1268 22
1269 12
1270 28
1271 21
1272 12
1273 11
1274 17
1275 4
1276 9
1277 5
1278 0
1279 3
1280 0
1281 9
1282 4
1283 3
1284 0
1285 4
1286 0
1287 6
1288 0
1289 5
1290 4
1291 5
1292 4
1293 4
1294 7
1295 7
1296 13
1297 7
1298 5
1299 11
1300 28
1301 16
1302 22
1303 16
1304 42
1305 40
1306 31
1307 37
1308 39
1309 34
1310 57
1311 38
1312 41
1313 44
1314 56
1315 55
1316 80
1317 91
1318 51
1319 66
1320 83
1321 87
1322 90
1323 85
1324 91
1325 87
1326 95
1327 106
1328 105
1329 114
1330 97
1331 81
1332 82
1333 88
1334 98
1335 71
1336 107
1337 108
1338 116
1339 100
1340 92
1341 90
1342 97
1343 95
1344 62
1345 77
1346 101
1347 98
1348 56
1349 88
1350 78
1351 82
1352 79
1353 67
1354 53
1355 80
1356 63
1357 64
1358 43
1359 53
1360 64
1361 84
1362 73
1363 62
1364 66
1365 41
1366 50
1367 40
1368 48
1369 56
1370 66
1371 40
1372 53
1373 40
1374 32
1375 48
1376 22
1377 39
1378 37
1379 41
1380 57
1381 47
1382 66
1383 35
1384 40
1385 57
1386 54
1387 54
1388 28
1389 33
1390 57
1391 28
1392 48
1393 39
1394 39
1395 29
1396 34
1397 33
1398 26
1399 37
1400 21
1401 17
1402 24
1403 12
1404 31
1405 38
1406 24
1407 17
1408 12
1409 16
1410 9
1411 12
1412 7
1413 14
1414 9
1415 1
1416 0
1417 0
1418 9
1419 5
1420 2
1421 1
1422 5
1423 4
1424 9
1425 13
1426 9
1427 25
1428 15
1429 15
1430 26
1431 36
1432 26
1433 31
1434 29
1435 34
1436 47
1437 61
1438 59
1439 67
1440 60
1441 59
1442 52
1443 41
1444 103
1445 108
1446 59
1447 79
1448 80
1449 59
1450 78
1451 104
1452 77
1453 114
1454 157
1455 160
1456 176
1457 135
1458 132
1459 153
1460 136
1461 146
1462 147
1463 130
1464 88
1465 125
1466 143
1467 162
1468 145
1469 91
1470 103
1471 110
1472 80
1473 89
1474 105
1475 90
1476 79
1477 120
1478 88
1479 102
1480 107
1481 109
1482 105
1483 92
1484 114
1485 102
1486 112
1487 83
1488 86
1489 107
1490 98
1491 76
1492 47
1493 44
1494 66
1495 68
1496 47
1497 47
1498 55
1499 49
1500 60
1501 64
1502 46
1503 32
1504 44
1505 38
1506 67
1507 61
1508 28
1509 34
1510 28
1511 29
1512 14
1513 21
1514 33
1515 29
1516 11
1517 23
1518 12
1519 14
1520 2
1521 12
1522 17
1523 9
1524 14
1525 15
1526 30
1527 2
1528 5
1529 1
1530 15
1531 8
1532 9
1533 14
1534 9
1535 8
1536 24
1537 8
1538 11
1539 15
1540 21
1541 14
1542 6
1543 6
1544 16
1545 6
1546 14
1547 2
1548 3
1549 6
1550 7
1551 0
1552 5
1553 6
1554 0
1555 0
1556 5
1557 1
1558 4
1559 0
1560 1
1561 0
1562 0
1563 6
1564 2
1565 4
1566 7
1567 10
1568 6
1569 12
1570 13
1571 7
1572 24
1573 27
1574 19
1575 19
1576 23
1577 34
1578 21
1579 48
1580 66
1581 43
1582 30
1583 29
1584 36
1585 53
1586 51
1587 51
1588 43
1589 60
1590 76
1591 58
1592 53
1593 64
1594 54
1595 47
1596 45
1597 69
1598 66
1599 95
1600 64
1601 45
1602 45
1603 40
1604 57
1605 59
1606 84
1607 41
1608 60
1609 46
1610 42
1611 82
1612 31
1613 76
1614 80
1615 46
1616 52
1617 83
1618 84
1619 75
1620 91
1621 86
1622 87
1623 76
1624 66
1625 51
1626 53
1627 55
1628 61
1629 47
1630 36
1631 47
1632 42
1633 71
1634 49
1635 55
1636 73
1637 83
1638 66
1639 50
1640 39
1641 38
1642 30
1643 21
1644 29
1645 25
1646 57
1647 43
1648 30
1649 27
1650 30
1651 16
1652 21
1653 8
1654 0
1655 13
1656 10
1657 13
1658 4
1659 6
1660 20
1661 15
1662 23
1663 21
1664 7
1665 6
1666 6
1667 20
1668 12
1669 7
1670 7
1671 5
1672 7
1673 7
1674 3
1675 2
1676 8
1677 2
1678 10
1679 6
1680 0
1681 8
1682 6
1683 4
1684 2
1685 6
1686 9
1687 20
1688 6
1689 2
1690 0
1691 6
1692 5
1693 0
1694 5
1695 1
1696 4
1697 1
1698 11
1699 8
1700 17
1701 11
1702 9
1703 7
1704 13
1705 22
1706 10
1707 20
1708 41
1709 48
1710 58
1711 33
1712 53
1713 51
1714 41
1715 32
1716 69
1717 75
1718 49
1719 69
1720 79
1721 76
1722 76
1723 101
1724 62
1725 70
1726 65
1727 78
1728 75
1729 73
1730 65
1731 88
1732 84
1733 89
1734 88
1735 129
1736 77
1737 80
1738 75
1739 93
1740 83
1741 84
1742 52
1743 81
1744 101
1745 98
1746 106
1747 70
1748 65
1749 75
1750 56
1751 60
1752 63
1753 67
1754 61
1755 76
1756 67
1757 71
1758 47
1759 68
1760 57
1761 67
1762 47
1763 70
1764 29
1765 57
1766 52
1767 43
1768 27
1769 49
1770 45
1771 27
1772 61
1773 28
1774 38
1775 42
1776 40
1777 29
1778 29
1779 31
1780 20
1781 11
1782 27
1783 21
1784 48
1785 14
1786 8
1787 33
1788 30
1789 36
1790 38
1791 14
1792 25
1793 22
1794 9
1795 31
1796 34
1797 34
1798 30
1799 12
1800 19
1801 9
1802 18
1803 14
1804 7
1805 20
1806 13
1807 2
1808 8
1809 13
1810 7
1811 10
1812 9
1813 13
1814 8
1815 16
1816 15
1817 12
1818 8
1819 4
1820 8
1821 12
1822 4
1823 0
1824 0
1825 2
1826 4
1827 0
1828 10
1829 5
1830 0
1831 1
1832 0
1833 3
1834 3
1835 0
1836 5
1837 0
1838 12
1839 0
1840 2
1841 1
1842 0
1843 2
1844 7
1845 16
1846 10
1847 1
1848 8
1849 17
1850 13
1851 26
1852 14
1853 16
1854 27
1855 28
1856 11
1857 38
1858 44
1859 45
1860 31
1861 24
1862 37
1863 43
1864 39
1865 41
1866 50
1867 58
1868 30
1869 54
1870 38
1871 54
1872 54
1873 85
1874 56
1875 39
1876 48
1877 49
1878 73
1879 58
1880 55
1881 78
1882 107
1883 55
1884 45
1885 31
1886 64
1887 55
1888 57
1889 63
1890 103
1891 47
1892 56
1893 17
1894 38
1895 64
1896 76
1897 108
1898 60
1899 52
1900 42
1901 40
1902 49
1903 54
1904 85
1905 65
1906 61
1907 47
1908 39
1909 33
1910 28
1911 57
1912 40
1913 48
1914 39
1915 90
1916 86
1917 32
1918 45
1919 39
1920 56
1921 46
1922 66
1923 32
1924 36
1925 22
1926 35
1927 23
1928 38
1929 58
1930 55
1931 54
1932 26
1933 31
1934 21
1935 8
1936 22
1937 12
1938 14
1939 11
1940 26
1941 38
1942 4
1943 5
1944 3
1945 9
1946 7
1947 16
1948 9
1949 2
1950 3
1951 4
1952 4
1953 2
1954 4
1955 2
1956 0
1957 0
1958 4
1959 4
1960 4
1961 4
1962 3
1963 0
1964 9
1965 4
1966 1
1967 6
1968 2
1969 2
1970 0
1971 0
1972 0
1973 0
1974 1
1975 0
1976 1
1977 3
1978 0
1979 3
1980 2
1981 2
1982 3
1983 17
1984 5
1985 11
1986 5
1987 7
1988 12
1989 8
1990 16
1991 22
1992 23
1993 42
1994 38
1995 41
1996 33
1997 68
1998 71
1999 69
2000 49
2001 53
2002 42
2003 34
2004 45
2005 55
2006 67
2007 71
2008 74
2009 67
2010 53
2011 35
2012 45
2013 50
2014 65
2015 53
2016 74
2017 71
2018 94
2019 74
2020 114
2021 114
2022 119
2023 154
2024 129
2025 72
2026 96
2027 129
2028 96
2029 65
2030 72
2031 80
2032 76
2033 59
2034 107
2035 101
2036 79
2037 85
2038 83
2039 59
2040 48
2041 79
2042 66
2043 51
2044 88
2045 111
2046 64
2047 69
2048 54
2049 52
2050 42
2051 34
2052 51
2053 53
2054 70
2055 14
2056 33
2057 38
2058 27
2059 19
2060 36
2061 49
2062 27
2063 29
2064 31
2065 28
2066 26
2067 32
2068 22
2069 33
2070 41
2071 22
2072 17
2073 18
2074 17
2075 20
2076 11
2077 26
2078 54
2079 11
2080 8
2081 5
2082 10
2083 6
2084 4
2085 6
2086 7
2087 17
2088 4
2089 1
2090 3
2091 6
2092 3
2093 9
2094 3
2095 0
2096 13
2097 11
2098 10
2099 2
2100 0
2101 5
2102 1
2103 11
2104 20
2105 24
2106 28
2107 19
2108 25
2109 25
2110 22
2111 16
2112 5
2113 23
2114 18
2115 31
2116 42
2117 47
2118 38
2119 37
2120 60
2121 69
2122 58
2123 98
2124 71
2125 69
2126 62
2127 38
2128 64
2129 73
2130 52
2131 61
2132 60
2133 71
2134 60
2135 79
2136 81
2137 93
2138 69
2139 93
2140 79
2141 59
2142 54
2143 53
2144 68
2145 63
2146 67
2147 45
2148 83
2149 73
2150 85
2151 80
2152 77
2153 91
2154 98
2155 83
2156 89
2157 61
2158 50
2159 59
2160 68
2161 62
2162 50
2163 52
2164 58
2165 71
2166 70
2167 65
2168 34
2169 54
2170 81
2171 108
2172 65
2173 49
2174 35
2175 38
2176 36
2177 28
2178 21
2179 24
2180 32
2181 34
2182 35
2183 25
2184 14
2185 43
2186 30
2187 31
2188 24
2189 15
2190 17
2191 13
2192 19
2193 10
2194 18
2195 17
2196 12
2197 10
2198 11
2199 11
2200 17
2201 22
2202 9
2203 6
2204 4
2205 8
2206 8
2207 11
2208 12
2209 22
2210 10
2211 2
2212 3
2213 5
2214 2
2215 0
2216 5
2217 3
2218 0
2219 0
2220 3
2221 7
2222 4
2223 11
2224 19
2225 6
2226 9
2227 8
2228 4
2229 5
2230 8
2231 15
2232 18
2233 20
2234 23
2235 12
2236 27
2237 45
2238 33
2239 30
2240 42
2241 53
2242 64
2243 61
2244 62
2245 74
2246 77
2247 74
2248 54
2249 70
2250 52
2251 87
2252 76
2253 89
2254 115
2255 123
2256 132
2257 128
2258 83
2259 109
2260 116
2261 130
2262 145
2263 137
2264 100
2265 124
2266 74
2267 88
2268 98
2269 119
2270 86
2271 101
2272 127
2273 97
2274 165
2275 115
2276 89
2277 99
2278 122
2279 92
2280 80
2281 77
2282 64
2283 109
2284 118
2285 101
2286 97
2287 105
2288 112
2289 88
2290 68
2291 42
2292 50
2293 59
2294 83
2295 60
2296 54
2297 83
2298 67
2299 105
2300 66
2301 55
2302 58
2303 68
2304 45
2305 44
2306 46
2307 32
2308 29
2309 59
2310 66
2311 60
2312 65
2313 46
2314 38
2315 33
2316 35
2317 52
2318 54
2319 60
2320 25
2321 11
2322 17
2323 20
2324 17
2325 19
2326 30
2327 22
2328 12
2329 28
2330 27
2331 26
2332 14
2333 7
2334 13
2335 19
2336 10
2337 7
2338 10
2339 18
2340 3
2341 0
2342 11
2343 0
2344 2
2345 5
2346 5
2347 16
2348 14
2349 16
2350 10
2351 28
2352 18
2353 12
2354 21
2355 32
2356 30
2357 36
2358 42
2359 25
2360 34
2361 68
2362 46
2363 27
2364 47
2365 86
2366 76
2367 75
2368 84
2369 73
2370 116
2371 107
2372 94
2373 102
2374 123
2375 121
2376 115
2377 133
2378 129
2379 149
2380 201
2381 163
2382 157
2383 188
2384 169
2385 163
2386 128
2387 116
2388 108
2389 86
2390 94
2391 189
2392 174
2393 167
2394 142
2395 157
2396 143
2397 136
2398 95
2399 138
2400 119
2401 182
2402 157
2403 147
2404 106
2405 121
2406 125
2407 123
2408 145
2409 131
2410 143
2411 117
2412 101
2413 94
2414 109
2415 113
2416 106
2417 83
2418 91
2419 85
2420 51
2421 61
2422 54
2423 54
2424 59
2425 59
2426 55
2427 92
2428 108
2429 100
2430 61
2431 61
2432 83
2433 51
2434 52
2435 45
2436 40
2437 22
2438 22
2439 29
2440 23
2441 36
2442 39
2443 54
2444 28
2445 23
2446 22
2447 34
2448 26
2449 3
2450 10
2451 27
2452 12
2453 21
2454 8
2455 23
2456 19
2457 8
2458 1
2459 2
2460 0
2461 0
2462 10
2463 1
2464 0
2465 0
2466 4
2467 8
2468 1
2469 7
2470 9
2471 7
2472 23
2473 20
2474 4
2475 11
2476 28
2477 31
2478 26
2479 40
2480 42
2481 58
2482 89
2483 76
2484 73
2485 124
2486 118
2487 110
2488 136
2489 116
2490 129
2491 169
2492 173
2493 155
2494 201
2495 192
2496 165
2497 130
2498 157
2499 175
2500 164
2501 200
2502 187
2503 158
2504 235
2505 253
2506 210
2507 239
2508 202
2509 164
2510 190
2511 196
2512 175
2513 171
2514 191
2515 200
2516 201
2517 181
2518 152
2519 187
2520 217
2521 143
2522 185
2523 163
2524 172
2525 168
2526 149
2527 199
2528 145
2529 111
2530 124
2531 125
2532 146
2533 106
2534 102
2535 122
2536 119
2537 110
2538 121
2539 134
2540 127
2541 82
2542 89
2543 85
2544 57
2545 46
2546 53
2547 61
2548 51
2549 77
2550 70
2551 55
2552 63
2553 37
2554 32
2555 39
2556 38
2557 50
2558 45
2559 46
2560 43
2561 42
2562 21
2563 21
2564 51
2565 39
2566 26
2567 23
2568 19
2569 24
2570 17
2571 29
2572 43
2573 35
2574 19
2575 33
2576 38
2577 35
2578 23
2579 14
2580 15
2581 17
2582 16
2583 8
2584 9
2585 9
2586 3
2587 9
2588 4
2589 6
2590 7
2591 15
2592 17
2593 14
2594 11
2595 6
2596 24
2597 15
2598 11
2599 8
2600 16
2601 20
2602 15
2603 17
2604 28
2605 24
2606 25
2607 48
2608 45
2609 47
2610 56
2611 51
2612 50
2613 57
2614 57
2615 70
2616 110
2617 93
2618 111
2619 69
2620 86
2621 67
2622 91
2623 107
2624 76
2625 88
2626 94
2627 126
2628 121
2629 111
2630 92
2631 81
2632 127
2633 110
2634 96
2635 109
2636 117
2637 107
2638 86
2639 109
2640 104
2641 120
2642 135
2643 106
2644 120
2645 106
2646 96
2647 98
2648 91
2649 95
2650 93
2651 97
2652 111
2653 127
2654 102
2655 109
2656 127
2657 106
2658 112
2659 93
2660 99
2661 86
2662 95
2663 83
2664 91
2665 79
2666 60
2667 71
2668 57
2669 49
2670 81
2671 61
2672 50
2673 51
2674 63
2675 82
2676 61
2677 88
2678 80
2679 63
2680 80
2681 88
2682 76
2683 76
2684 64
2685 61
2686 41
2687 45
2688 43
2689 42
2690 46
2691 57
2692 42
2693 39
2694 23
2695 25
2696 59
2697 30
2698 23
2699 23
2700 27
2701 26
2702 21
2703 40
2704 39
2705 36
2706 55
2707 33
2708 40
2709 47
2710 25
2711 20
2712 18
2713 11
2714 11
2715 5
2716 9
2717 11
2718 28
2719 39
2720 13
2721 9
2722 19
2723 7
2724 8
2725 4
2726 21
2727 18
2728 12
2729 12
2730 1
2731 16
2732 13
2733 20
2734 5
2735 15
2736 16
2737 23
2738 8
2739 12
2740 18
2741 38
2742 21
2743 30
2744 44
2745 43
2746 29
2747 43
2748 51
2749 93
2750 76
2751 99
2752 82
2753 95
2754 70
2755 58
2756 138
2757 125
2758 97
2759 122
2760 166
2761 137
2762 138
2763 101
2764 134
2765 149
2766 159
2767 142
2768 188
2769 186
2770 183
2771 176
2772 159
2773 155
2774 126
2775 164
2776 179
2777 157
2778 136
2779 135
2780 155
2781 164
2782 147
2783 174
2784 114
2785 141
2786 135
2787 156
2788 127
2789 90
2790 143
2791 158
2792 167
2793 162
2794 137
2795 150
2796 111
2797 163
2798 153
2799 122
2800 82
2801 110
2802 106
2803 107
2804 118
2805 94
2806 98
2807 127
2808 84
2809 51
2810 66
2811 80
2812 99
2813 91
2814 82
2815 71
2816 50
2817 55
2818 33
2819 33
2820 57
2821 85
2822 83
2823 69
2824 76
2825 46
2826 37
2827 25
2828 15
2829 12
2830 22
2831 18
2832 16
2833 15
2834 17
2835 16
2836 27
2837 24
2838 30
2839 11
2840 3
2841 18
2842 16
2843 17
2844 2
2845 23
2846 15
2847 18
2848 13
2849 1
2850 18
2851 7
2852 3
2853 35
2854 15
2855 6
2856 10
2857 2
2858 14
2859 39
2860 33
2861 17
2862 33
2863 38
2864 33
2865 60
2866 39
2867 27
2868 59
2869 40
2870 76
2871 88
2872 60
2873 101
2874 113
2875 111
2876 120
2877 125
2878 125
2879 179
2880 161
2881 165
2882 131
2883 130
2884 138
2885 196
2886 126
2887 168
2888 176
2889 159
2890 173
2891 165
2892 177
2893 130
2894 140
2895 140
2896 132
2897 105
2898 149
2899 200
2900 125
2901 145
2902 131
2903 129
2904 136
2905 167
2906 141
2907 140
2908 121
2909 169
2910 173
2911 176
2912 125
2913 144
2914 108
2915 144
2916 150
2917 161
2918 106
2919 99
2920 73
2921 65
2922 85
2923 64
2924 63
2925 88
2926 91
2927 82
2928 59
2929 91
2930 69
2931 62
2932 61
2933 49
2934 57
2935 42
2936 22
2937 56
2938 35
2939 48
2940 57
2941 35
2942 31
2943 16
2944 17
2945 28
2946 35
2947 22
2948 25
2949 44
2950 18
2951 26
2952 24
2953 29
2954 31
2955 14
2956 14
2957 15
2958 14
2959 14
2960 11
2961 21
2962 9
2963 10
2964 11
2965 4
2966 9
2967 4
2968 5
2969 11
2970 8
2971 14
2972 1
2973 0
2974 17
2975 13
2976 5
2977 7
2978 8
2979 15
2980 18
2981 12
2982 10
2983 24
2984 51
2985 22
2986 39
2987 41
2988 31
2989 40
2990 54
2991 53
2992 56
2993 70
2994 66
2995 92
2996 92
2997 55
2998 74
2999 81
3000 62
3001 66
3002 68
3003 63
3004 106
3005 137
3006 113
3007 93
3008 71
3009 116
3010 133
3011 84
3012 90
3013 112
3014 138
3015 125
3016 121
3017 124
3018 170
3019 130
3020 109
3021 99
3022 106
3023 104
3024 95
3025 80
3026 113
3027 107
3028 96
3029 134
3030 81
3031 106
3032 150
3033 125
3034 106
3035 132
3036 114
3037 107
3038 98
3039 120
3040 120
3041 88
3042 99
3043 116
3044 109
3045 97
3046 95
3047 80
3048 79
3049 46
3050 61
3051 60
3052 54
3053 77
3054 83
3055 72
3056 48
3057 65
3058 67
3059 46
3060 37
3061 45
3062 49
3063 39
3064 41
3065 43
3066 51
3067 40
3068 27
3069 48
3070 43
3071 17
3072 31
3073 29
3074 24
3075 24
3076 42
3077 39
3078 40
3079 36
3080 21
3081 8
3082 18
3083 41
3084 15
3085 4
3086 10
3087 30
3088 22
3089 13
3090 12
3091 12
3092 14
3093 10
3094 21
3095 13
3096 16
3097 10
3098 4
3099 3
3100 11
3101 12
3102 9
3103 6
3104 2
3105 0
3106 1
3107 10
3108 3
3109 2
3110 9
3111 2
3112 3
3113 3
3114 0
3115 0
3116 1
3117 2
3118 4
3119 0
3120 1
3121 1
3122 0
3123 0
3124 2
3125 2
3126 3
3127 0
3128 4
3129 4
3130 4
3131 10
3132 13
3133 18
3134 15
3135 8
3136 8
3137 13
3138 16
3139 19
3140 25
3141 23
3142 21
