0.000000000000000000e+00 1.000000000000000000e+03
1.314768746328592586e-01 9.990000000000000000e+02
1.062821646235102335e+00 9.980000000000000000e+02
1.500638637451713775e+00 9.970000000000000000e+02
1.845853017745989977e+00 9.960000000000000000e+02
2.050306301355798944e+00 9.950000000000000000e+02
2.152668182584165812e+00 9.940000000000000000e+02
2.698489376825392583e+00 9.930000000000000000e+02
2.943536176446177599e+00 9.920000000000000000e+02
3.219107648443873426e+00 9.910000000000000000e+02
3.731787060677390411e+00 9.900000000000000000e+02
3.987866685665996780e+00 9.890000000000000000e+02
4.077369081569439224e+00 9.880000000000000000e+02
4.144269991642588913e+00 9.870000000000000000e+02
4.292910355474541362e+00 9.860000000000000000e+02
4.531101298127095056e+00 9.850000000000000000e+02
4.678995735997812488e+00 9.840000000000000000e+02
4.956695935892578397e+00 9.830000000000000000e+02
4.968928301421075666e+00 9.820000000000000000e+02
5.072476797852041308e+00 9.810000000000000000e+02
5.450551570809579083e+00 9.800000000000000000e+02
5.526362597097694618e+00 9.790000000000000000e+02
5.925125828315332299e+00 9.780000000000000000e+02
6.063523805042971837e+00 9.770000000000000000e+02
6.210545946749656210e+00 9.760000000000000000e+02
6.535919398593823537e+00 9.750000000000000000e+02
7.340633279551451729e+00 9.740000000000000000e+02
7.639574953162978410e+00 9.730000000000000000e+02
7.698414568456650287e+00 9.720000000000000000e+02
7.752796115459581472e+00 9.710000000000000000e+02
8.040412841640259600e+00 9.700000000000000000e+02
8.177185239863231203e+00 9.690000000000000000e+02
8.339063187371863251e+00 9.680000000000000000e+02
8.698992416881052847e+00 9.670000000000000000e+02
9.069594186940383551e+00 9.660000000000000000e+02
9.399032156234122581e+00 9.650000000000000000e+02
9.497499752699431141e+00 9.640000000000000000e+02
9.571683196325958320e+00 9.630000000000000000e+02
1.009719151383493774e+01 9.620000000000000000e+02
1.049258627340970840e+01 9.610000000000000000e+02
1.091754990758301602e+01 9.600000000000000000e+02
1.159235887996240955e+01 9.590000000000000000e+02
1.201165109424195343e+01 9.580000000000000000e+02
1.234406434778514416e+01 9.570000000000000000e+02
1.301466606252909486e+01 9.560000000000000000e+02
1.301493272170079507e+01 9.550000000000000000e+02
1.317826858258488443e+01 9.540000000000000000e+02
1.354700505184241166e+01 9.530000000000000000e+02
1.379641765160878641e+01 9.520000000000000000e+02
1.383123982243659711e+01 9.510000000000000000e+02
1.411825803191981521e+01 9.500000000000000000e+02
1.424892829006415695e+01 9.490000000000000000e+02
1.429852830203788017e+01 9.480000000000000000e+02
1.431725004267482682e+01 9.470000000000000000e+02
1.450007475646381572e+01 9.460000000000000000e+02
1.466806937194566451e+01 9.450000000000000000e+02
1.495889060126628500e+01 9.440000000000000000e+02
1.527141494965814061e+01 9.430000000000000000e+02
1.577292186953405562e+01 9.420000000000000000e+02
1.620671733506050671e+01 9.410000000000000000e+02
1.624325543254808935e+01 9.400000000000000000e+02
1.634998418138416554e+01 9.390000000000000000e+02
1.642827730038979439e+01 9.380000000000000000e+02
1.643863886722440881e+01 9.370000000000000000e+02
1.652119058753632075e+01 9.360000000000000000e+02
1.653850772268330260e+01 9.350000000000000000e+02
1.661086896554102665e+01 9.340000000000000000e+02
1.686187886715215001e+01 9.330000000000000000e+02
1.695034025776718778e+01 9.320000000000000000e+02
1.717337318619290798e+01 9.310000000000000000e+02
1.722917413795604702e+01 9.300000000000000000e+02
1.822466958109579593e+01 9.290000000000000000e+02
1.837176036223954156e+01 9.280000000000000000e+02
1.855174990212080033e+01 9.270000000000000000e+02
1.869209643287693368e+01 9.260000000000000000e+02
1.953203666854493648e+01 9.250000000000000000e+02
1.980381524142359595e+01 9.240000000000000000e+02
1.989239449285311423e+01 9.230000000000000000e+02
2.084410534127728809e+01 9.220000000000000000e+02
2.101297865473647875e+01 9.210000000000000000e+02
2.110303248364884965e+01 9.200000000000000000e+02
2.111681555291477252e+01 9.190000000000000000e+02
2.148631280196579851e+01 9.180000000000000000e+02
2.163921654032103348e+01 9.170000000000000000e+02
2.213641115120243441e+01 9.160000000000000000e+02
2.275712725293302086e+01 9.150000000000000000e+02
2.317296159412171264e+01 9.140000000000000000e+02
2.358983426667402838e+01 9.130000000000000000e+02
2.435735656439922892e+01 9.120000000000000000e+02
2.463663884938585724e+01 9.110000000000000000e+02
2.516587646132993683e+01 9.100000000000000000e+02
2.551834930011488822e+01 9.090000000000000000e+02
2.570268736031436063e+01 9.080000000000000000e+02
2.600106196133634029e+01 9.070000000000000000e+02
2.615668653359537998e+01 9.060000000000000000e+02
2.633757176461223537e+01 9.050000000000000000e+02
2.658077308450128484e+01 9.040000000000000000e+02
2.669272773761140627e+01 9.030000000000000000e+02
2.715447292288461867e+01 9.020000000000000000e+02
2.873894935408474893e+01 9.010000000000000000e+02
2.905129836162942425e+01 9.000000000000000000e+02
2.925345060421750176e+01 8.990000000000000000e+02
2.946941862016871738e+01 8.980000000000000000e+02
2.963684835409032203e+01 8.970000000000000000e+02
2.985446874944711482e+01 8.960000000000000000e+02
2.998720703758096917e+01 8.950000000000000000e+02
3.013301714301286438e+01 8.940000000000000000e+02
3.014588864808751367e+01 8.930000000000000000e+02
3.077506059305689945e+01 8.920000000000000000e+02
3.089813830151337015e+01 8.910000000000000000e+02
3.123285054725232968e+01 8.900000000000000000e+02
3.195901566884969114e+01 8.890000000000000000e+02
3.204537810656299257e+01 8.880000000000000000e+02
3.252029209026314049e+01 8.870000000000000000e+02
3.306434855381324667e+01 8.860000000000000000e+02
3.312393070508198889e+01 8.850000000000000000e+02
3.338449186588640316e+01 8.840000000000000000e+02
3.358398995793064756e+01 8.830000000000000000e+02
3.386403955756786388e+01 8.820000000000000000e+02
3.448388916680169558e+01 8.810000000000000000e+02
3.469308521613831431e+01 8.800000000000000000e+02
3.471209465330681354e+01 8.790000000000000000e+02
3.496786323593701695e+01 8.780000000000000000e+02
3.500407082989852370e+01 8.770000000000000000e+02
3.512702966486809686e+01 8.760000000000000000e+02
3.553704667513766680e+01 8.750000000000000000e+02
3.588398864018252254e+01 8.740000000000000000e+02
3.593574735695013089e+01 8.730000000000000000e+02
3.697015730679035528e+01 8.720000000000000000e+02
3.700443691860544959e+01 8.710000000000000000e+02
3.771681651175764927e+01 8.700000000000000000e+02
3.780716516208991607e+01 8.690000000000000000e+02
3.798200955277075508e+01 8.680000000000000000e+02
3.832151377903834089e+01 8.670000000000000000e+02
3.854665988905673402e+01 8.660000000000000000e+02
3.871730643880193412e+01 8.650000000000000000e+02
3.873067866319695440e+01 8.640000000000000000e+02
3.912520072972978369e+01 8.630000000000000000e+02
3.983617947432138351e+01 8.620000000000000000e+02
4.058820225445690966e+01 8.610000000000000000e+02
4.068701467831929364e+01 8.600000000000000000e+02
4.123886935860684844e+01 8.590000000000000000e+02
4.173063520040849284e+01 8.580000000000000000e+02
4.189052697965195904e+01 8.570000000000000000e+02
4.214174032375542822e+01 8.560000000000000000e+02
4.214268547982776170e+01 8.550000000000000000e+02
4.229231914732574182e+01 8.540000000000000000e+02
4.246101449823960650e+01 8.530000000000000000e+02
4.326232140098581169e+01 8.520000000000000000e+02
4.345330254168015216e+01 8.510000000000000000e+02
4.490876806619232298e+01 8.500000000000000000e+02
4.491145987096099645e+01 8.490000000000000000e+02
4.510523062426804586e+01 8.480000000000000000e+02
4.602106375896411095e+01 8.470000000000000000e+02
4.605550396243051381e+01 8.460000000000000000e+02
4.685119348972946085e+01 8.450000000000000000e+02
4.780056531923685270e+01 8.440000000000000000e+02
4.780648971128344726e+01 8.430000000000000000e+02
4.795585235809087976e+01 8.420000000000000000e+02
4.828190893094770786e+01 8.410000000000000000e+02
4.840152748962005802e+01 8.400000000000000000e+02
4.883537276377401071e+01 8.390000000000000000e+02
4.898137814217662367e+01 8.380000000000000000e+02
4.904946999361546034e+01 8.370000000000000000e+02
4.912636772780568606e+01 8.360000000000000000e+02
5.000160547404360756e+01 8.350000000000000000e+02
5.000279531281132961e+01 8.340000000000000000e+02
5.071917558203125509e+01 8.330000000000000000e+02
5.099712402513577558e+01 8.320000000000000000e+02
5.123679352958416899e+01 8.310000000000000000e+02
5.160698767124615927e+01 8.300000000000000000e+02
5.214606280704489905e+01 8.290000000000000000e+02
5.215424105044613157e+01 8.280000000000000000e+02
5.253596298424075428e+01 8.270000000000000000e+02
5.262807443200082957e+01 8.260000000000000000e+02
5.268585988953199717e+01 8.250000000000000000e+02
5.304573719560310252e+01 8.240000000000000000e+02
5.368889440440347727e+01 8.230000000000000000e+02
5.383570476182450903e+01 8.220000000000000000e+02
5.425160817212843511e+01 8.210000000000000000e+02
5.435495333404924168e+01 8.200000000000000000e+02
5.491382713428274798e+01 8.190000000000000000e+02
5.493494083065534994e+01 8.180000000000000000e+02
5.547820883723527885e+01 8.170000000000000000e+02
5.565791448961658006e+01 8.160000000000000000e+02
5.609006333855361959e+01 8.150000000000000000e+02
5.619505425097598561e+01 8.140000000000000000e+02
5.634523115172154206e+01 8.130000000000000000e+02
5.666117905877062810e+01 8.120000000000000000e+02
5.691323925082807733e+01 8.110000000000000000e+02
5.701899503428479221e+01 8.100000000000000000e+02
5.717047325443714101e+01 8.090000000000000000e+02
5.777753419615858377e+01 8.080000000000000000e+02
5.789243359817159984e+01 8.070000000000000000e+02
5.837402151811055262e+01 8.060000000000000000e+02
5.841865012703018323e+01 8.050000000000000000e+02
5.914188045363002999e+01 8.040000000000000000e+02
5.949535137766997650e+01 8.030000000000000000e+02
5.956059819711320813e+01 8.020000000000000000e+02
6.061991339935657663e+01 8.010000000000000000e+02
6.096618083573282831e+01 8.000000000000000000e+02
6.120538502503995915e+01 7.990000000000000000e+02
6.135676458716991988e+01 7.980000000000000000e+02
6.156186193891780789e+01 7.970000000000000000e+02
6.157426334256625466e+01 7.960000000000000000e+02
6.206117792431393809e+01 7.950000000000000000e+02
6.206534546320305168e+01 7.940000000000000000e+02
6.280095016579534928e+01 7.930000000000000000e+02
6.311213033078264090e+01 7.920000000000000000e+02
6.330976192219498699e+01 7.910000000000000000e+02
6.350211322652491219e+01 7.900000000000000000e+02
6.352643377267060742e+01 7.890000000000000000e+02
6.388377373204176735e+01 7.880000000000000000e+02
6.411780839943837407e+01 7.870000000000000000e+02
6.429410520495143544e+01 7.860000000000000000e+02
6.430461233896676276e+01 7.850000000000000000e+02
6.479688525095365037e+01 7.840000000000000000e+02
6.506956475736411960e+01 7.830000000000000000e+02
6.559735516714744108e+01 7.820000000000000000e+02
6.598048732882456591e+01 7.810000000000000000e+02
6.621797915525115741e+01 7.800000000000000000e+02
6.651101517931647322e+01 7.790000000000000000e+02
6.678476373238052588e+01 7.780000000000000000e+02
6.757331273875340116e+01 7.770000000000000000e+02
6.780890561063199584e+01 7.760000000000000000e+02
6.796085358989230940e+01 7.750000000000000000e+02
6.813768253381391560e+01 7.740000000000000000e+02
6.816879189235649505e+01 7.730000000000000000e+02
6.864708970569191138e+01 7.720000000000000000e+02
6.867624699624464313e+01 7.710000000000000000e+02
6.885030746466543405e+01 7.700000000000000000e+02
6.890982435014907992e+01 7.690000000000000000e+02
6.891907161556265748e+01 7.680000000000000000e+02
6.907968884173993729e+01 7.670000000000000000e+02
6.917079041999576816e+01 7.660000000000000000e+02
6.946568595096319143e+01 7.650000000000000000e+02
6.987064405527979716e+01 7.640000000000000000e+02
7.007297850262989414e+01 7.630000000000000000e+02
7.034465902284919991e+01 7.620000000000000000e+02
7.051158313629699137e+01 7.610000000000000000e+02
7.053257614917214369e+01 7.600000000000000000e+02
7.096808451777994264e+01 7.590000000000000000e+02
7.112784374289556411e+01 7.580000000000000000e+02
7.264341361252117224e+01 7.570000000000000000e+02
7.336802455438119352e+01 7.560000000000000000e+02
7.387942841894523838e+01 7.550000000000000000e+02
7.420183352161132007e+01 7.540000000000000000e+02
7.460667458795521156e+01 7.530000000000000000e+02
7.510108832765904197e+01 7.520000000000000000e+02
7.545729540268108337e+01 7.510000000000000000e+02
7.546298942146918876e+01 7.500000000000000000e+02
7.565024137534443582e+01 7.490000000000000000e+02
7.631387362053892787e+01 7.480000000000000000e+02
7.657299481130748120e+01 7.470000000000000000e+02
7.669068603749589386e+01 7.460000000000000000e+02
7.781982839880990355e+01 7.450000000000000000e+02
7.854927110973642357e+01 7.440000000000000000e+02
7.855932965746957564e+01 7.430000000000000000e+02
7.929514227521676162e+01 7.420000000000000000e+02
7.957336832731610343e+01 7.410000000000000000e+02
7.987688724640901228e+01 7.400000000000000000e+02
8.029784815212117621e+01 7.390000000000000000e+02
8.057455831158453918e+01 7.380000000000000000e+02
8.091428606904854348e+01 7.370000000000000000e+02
8.106059054723866097e+01 7.360000000000000000e+02
8.119601934878610905e+01 7.350000000000000000e+02
8.144812482412481813e+01 7.340000000000000000e+02
8.147219650479213726e+01 7.330000000000000000e+02
8.148517072719751297e+01 7.320000000000000000e+02
8.158580935778405774e+01 7.310000000000000000e+02
8.172628019299351365e+01 7.300000000000000000e+02
8.228944347512141633e+01 7.290000000000000000e+02
8.234854935122004349e+01 7.280000000000000000e+02
8.313968744041994796e+01 7.270000000000000000e+02
8.314537442353270080e+01 7.260000000000000000e+02
8.395866556281718829e+01 7.250000000000000000e+02
8.396273699623134235e+01 7.240000000000000000e+02
8.427097347965558072e+01 7.230000000000000000e+02
8.434771255307261129e+01 7.220000000000000000e+02
8.507179952667931389e+01 7.210000000000000000e+02
8.543190765443360135e+01 7.200000000000000000e+02
8.548656762842603030e+01 7.190000000000000000e+02
8.595184409792588554e+01 7.180000000000000000e+02
8.612207832125864115e+01 7.170000000000000000e+02
8.612267112463509022e+01 7.160000000000000000e+02
8.811014701964991502e+01 7.150000000000000000e+02
8.843334725217759740e+01 7.140000000000000000e+02
8.852763686794691012e+01 7.130000000000000000e+02
8.855592303752004568e+01 7.120000000000000000e+02
8.891374433781494702e+01 7.110000000000000000e+02
8.897785825574793250e+01 7.100000000000000000e+02
8.937892192334039976e+01 7.090000000000000000e+02
9.083375883293707886e+01 7.080000000000000000e+02
9.086266974360177073e+01 7.070000000000000000e+02
9.090606957036675340e+01 7.060000000000000000e+02
9.091661270574120124e+01 7.050000000000000000e+02
9.131779286863094569e+01 7.040000000000000000e+02
9.170791348514698882e+01 7.030000000000000000e+02
9.183958522340869024e+01 7.020000000000000000e+02
9.193197411394613994e+01 7.010000000000000000e+02
9.194419755316387466e+01 7.000000000000000000e+02
9.286739648035948846e+01 6.990000000000000000e+02
9.395481254108592850e+01 6.980000000000000000e+02
9.427359073995589256e+01 6.970000000000000000e+02
9.431479042253050693e+01 6.960000000000000000e+02
9.449058647424456581e+01 6.950000000000000000e+02
9.474675677760291137e+01 6.940000000000000000e+02
9.490444211832355847e+01 6.930000000000000000e+02
9.769796188600608389e+01 6.920000000000000000e+02
9.812809075314876850e+01 6.910000000000000000e+02
9.829338351091304560e+01 6.900000000000000000e+02
9.835772046817642433e+01 6.890000000000000000e+02
9.843451071062820290e+01 6.880000000000000000e+02
9.849671453413985489e+01 6.870000000000000000e+02
9.914705429917513868e+01 6.860000000000000000e+02
9.978889667318522072e+01 6.850000000000000000e+02
1.001625649524882107e+02 6.840000000000000000e+02
1.004680085647635650e+02 6.830000000000000000e+02
1.015549994050305571e+02 6.820000000000000000e+02
1.016615022265514767e+02 6.810000000000000000e+02
1.019240612151489671e+02 6.800000000000000000e+02
1.025483480159651748e+02 6.790000000000000000e+02
1.042756976753692300e+02 6.780000000000000000e+02
1.049200406723854258e+02 6.770000000000000000e+02
1.050074837182507537e+02 6.760000000000000000e+02
1.050375025621117828e+02 6.750000000000000000e+02
1.060738918548453711e+02 6.740000000000000000e+02
1.062662174085837563e+02 6.730000000000000000e+02
1.068761980532028559e+02 6.720000000000000000e+02
1.070804020937545857e+02 6.710000000000000000e+02
1.072610711894849089e+02 6.700000000000000000e+02
1.079804595301228716e+02 6.690000000000000000e+02
1.081579901429347217e+02 6.680000000000000000e+02
1.088899397488993515e+02 6.670000000000000000e+02
1.105055708659434259e+02 6.660000000000000000e+02
1.106349486644438969e+02 6.650000000000000000e+02
1.106857322731648736e+02 6.640000000000000000e+02
1.108233807963327706e+02 6.630000000000000000e+02
1.109816393311867415e+02 6.620000000000000000e+02
1.110821614805071391e+02 6.610000000000000000e+02
1.123792133253258498e+02 6.600000000000000000e+02
1.127920311469221275e+02 6.590000000000000000e+02
1.133851449157249789e+02 6.580000000000000000e+02
1.133950198367687392e+02 6.570000000000000000e+02
1.141286112690666954e+02 6.560000000000000000e+02
1.142007332634253345e+02 6.550000000000000000e+02
1.143616374817930961e+02 6.540000000000000000e+02
1.147123243377994299e+02 6.530000000000000000e+02
1.156681857513077603e+02 6.520000000000000000e+02
1.158186762419439617e+02 6.510000000000000000e+02
1.160119143056193707e+02 6.500000000000000000e+02
1.162509168672368389e+02 6.490000000000000000e+02
1.175587674953418826e+02 6.480000000000000000e+02
1.195431014989295164e+02 6.470000000000000000e+02
1.200621849547448363e+02 6.460000000000000000e+02
1.206655268021253420e+02 6.450000000000000000e+02
1.210549810023111377e+02 6.440000000000000000e+02
1.215672512772613345e+02 6.430000000000000000e+02
1.217389144474785354e+02 6.420000000000000000e+02
1.224244928758587037e+02 6.410000000000000000e+02
1.226475994872007504e+02 6.400000000000000000e+02
1.227861584110096089e+02 6.390000000000000000e+02
1.232934740076584745e+02 6.380000000000000000e+02
1.235467832799045169e+02 6.370000000000000000e+02
1.237680477853562451e+02 6.360000000000000000e+02
1.241334169016630256e+02 6.350000000000000000e+02
1.244031028970566410e+02 6.340000000000000000e+02
1.244632893835355532e+02 6.330000000000000000e+02
1.253171084412456793e+02 6.320000000000000000e+02
1.253237013881693542e+02 6.310000000000000000e+02
1.255377349166238048e+02 6.300000000000000000e+02
1.256598066263701696e+02 6.290000000000000000e+02
1.260858088764549052e+02 6.280000000000000000e+02
1.263509624152560775e+02 6.270000000000000000e+02
1.265873655060680392e+02 6.260000000000000000e+02
1.266587311817240504e+02 6.250000000000000000e+02
1.277935377255430467e+02 6.240000000000000000e+02
1.278184544358635009e+02 6.230000000000000000e+02
1.279447330806760448e+02 6.220000000000000000e+02
1.280699926496026819e+02 6.210000000000000000e+02
1.284816477617129635e+02 6.200000000000000000e+02
1.287468008324652544e+02 6.190000000000000000e+02
1.293663155720029181e+02 6.180000000000000000e+02
1.297743369309369541e+02 6.170000000000000000e+02
1.301842345487825412e+02 6.160000000000000000e+02
1.305008736280379367e+02 6.150000000000000000e+02
1.305604294244942878e+02 6.140000000000000000e+02
1.309428685561953216e+02 6.130000000000000000e+02
1.309476416156020377e+02 6.120000000000000000e+02
1.312276240548548003e+02 6.110000000000000000e+02
1.315597745027419307e+02 6.100000000000000000e+02
1.318448306279740621e+02 6.090000000000000000e+02
1.321291091181213346e+02 6.080000000000000000e+02
1.325543184621959369e+02 6.070000000000000000e+02
1.332218990516781787e+02 6.060000000000000000e+02
1.334952036112481153e+02 6.050000000000000000e+02
1.334997910273159221e+02 6.040000000000000000e+02
1.347930336269402574e+02 6.030000000000000000e+02
1.354284809502767644e+02 6.020000000000000000e+02
1.361321773679532328e+02 6.010000000000000000e+02
1.362001787516992124e+02 6.000000000000000000e+02
1.368181699719057747e+02 5.990000000000000000e+02
1.372557146658097054e+02 5.980000000000000000e+02
1.380871423802747415e+02 5.970000000000000000e+02
1.383645307844001024e+02 5.960000000000000000e+02
1.404433388506914469e+02 5.950000000000000000e+02
1.407208194428653201e+02 5.940000000000000000e+02
1.412806680171595133e+02 5.930000000000000000e+02
1.415751983160992040e+02 5.920000000000000000e+02
1.418759382689792119e+02 5.910000000000000000e+02
1.420891230704492614e+02 5.900000000000000000e+02
1.421771395461422287e+02 5.890000000000000000e+02
1.427000953349367478e+02 5.880000000000000000e+02
1.434949351577394907e+02 5.870000000000000000e+02
1.440204540597804339e+02 5.860000000000000000e+02
1.442284057770849586e+02 5.850000000000000000e+02
1.442364371657431263e+02 5.840000000000000000e+02
1.464485251712723937e+02 5.830000000000000000e+02
1.470138519898930838e+02 5.820000000000000000e+02
1.482675280330709882e+02 5.810000000000000000e+02
1.499219519153652982e+02 5.800000000000000000e+02
1.510773427801430842e+02 5.790000000000000000e+02
1.517781733462204841e+02 5.780000000000000000e+02
1.518794933644582272e+02 5.770000000000000000e+02
1.521356743198343224e+02 5.760000000000000000e+02
1.527861820822872119e+02 5.750000000000000000e+02
1.532045433150057363e+02 5.740000000000000000e+02
1.535406577080665329e+02 5.730000000000000000e+02
1.537564858099015339e+02 5.720000000000000000e+02
1.546645998885394420e+02 5.710000000000000000e+02
1.547989816523810020e+02 5.700000000000000000e+02
1.548171377197605523e+02 5.690000000000000000e+02
1.552883969632257219e+02 5.680000000000000000e+02
1.553198322270276321e+02 5.670000000000000000e+02
1.556189133285248829e+02 5.660000000000000000e+02
1.567586763202319275e+02 5.650000000000000000e+02
1.572314172336685658e+02 5.640000000000000000e+02
1.589710055817820944e+02 5.630000000000000000e+02
1.600472653195765815e+02 5.620000000000000000e+02
1.611120979464854486e+02 5.610000000000000000e+02
1.614889441271442365e+02 5.600000000000000000e+02
1.621974968189903166e+02 5.590000000000000000e+02
1.624942905468060133e+02 5.580000000000000000e+02
1.627174684036779126e+02 5.570000000000000000e+02
1.638949001933378327e+02 5.560000000000000000e+02
1.640057380223357484e+02 5.550000000000000000e+02
1.653139960716548558e+02 5.540000000000000000e+02
1.668499892984127371e+02 5.530000000000000000e+02
1.672682796699428991e+02 5.520000000000000000e+02
1.679456191852746088e+02 5.510000000000000000e+02
1.686618669876441459e+02 5.500000000000000000e+02
1.690302999322765345e+02 5.490000000000000000e+02
1.691496389174643582e+02 5.480000000000000000e+02
1.696347058039741000e+02 5.470000000000000000e+02
1.698846342106604652e+02 5.460000000000000000e+02
1.704610144121384110e+02 5.450000000000000000e+02
1.706329716529367033e+02 5.440000000000000000e+02
1.707717289733681412e+02 5.430000000000000000e+02
1.709117780668531168e+02 5.420000000000000000e+02
1.711176041421984735e+02 5.410000000000000000e+02
1.711860907069041104e+02 5.400000000000000000e+02
1.724396110986984070e+02 5.390000000000000000e+02
1.729672505132295441e+02 5.380000000000000000e+02
1.735066885080017585e+02 5.370000000000000000e+02
1.744879348813073250e+02 5.360000000000000000e+02
1.751224556856576839e+02 5.350000000000000000e+02
1.754995636937416350e+02 5.340000000000000000e+02
1.758097282376783426e+02 5.330000000000000000e+02
1.761157410091058750e+02 5.320000000000000000e+02
1.762466473037234209e+02 5.310000000000000000e+02
1.766409907261276544e+02 5.300000000000000000e+02
1.768015245689941253e+02 5.290000000000000000e+02
1.781960130904584503e+02 5.280000000000000000e+02
1.784094397767602800e+02 5.270000000000000000e+02
1.785674131061914238e+02 5.260000000000000000e+02
1.785705473248247301e+02 5.250000000000000000e+02
1.787061191840927563e+02 5.240000000000000000e+02
1.788905842940641833e+02 5.230000000000000000e+02
1.789018667466390866e+02 5.220000000000000000e+02
1.795551261967945607e+02 5.210000000000000000e+02
1.796664640670344397e+02 5.200000000000000000e+02
1.810218546280401881e+02 5.190000000000000000e+02
1.813113055238182767e+02 5.180000000000000000e+02
1.824595237558237102e+02 5.170000000000000000e+02
1.829520679939529941e+02 5.160000000000000000e+02
1.834144013298437415e+02 5.150000000000000000e+02
1.851778423024499887e+02 5.140000000000000000e+02
1.852453768347715197e+02 5.130000000000000000e+02
1.853982915453913733e+02 5.120000000000000000e+02
1.854390926051059694e+02 5.110000000000000000e+02
1.854429474587969935e+02 5.100000000000000000e+02
1.857981765595769730e+02 5.090000000000000000e+02
1.858140074125192029e+02 5.080000000000000000e+02
1.865568938119313316e+02 5.070000000000000000e+02
1.868586912953548733e+02 5.060000000000000000e+02
1.870458288138144383e+02 5.050000000000000000e+02
1.873524823254414571e+02 5.040000000000000000e+02
1.880682833039609534e+02 5.030000000000000000e+02
1.882110930064790750e+02 5.020000000000000000e+02
1.892320893244346109e+02 5.010000000000000000e+02
1.898001810789329511e+02 5.000000000000000000e+02
1.898592006713339231e+02 4.990000000000000000e+02
1.910923656860733217e+02 4.980000000000000000e+02
1.911694471678160312e+02 4.970000000000000000e+02
1.917096692254037293e+02 4.960000000000000000e+02
1.920347412852837010e+02 4.950000000000000000e+02
1.923955778483018264e+02 4.940000000000000000e+02
1.927371836285442157e+02 4.930000000000000000e+02
1.933097520691429736e+02 4.920000000000000000e+02
1.946949264033686688e+02 4.910000000000000000e+02
1.955250620261941776e+02 4.900000000000000000e+02
1.955421668832353248e+02 4.890000000000000000e+02
1.961014787884510042e+02 4.880000000000000000e+02
1.967648397879723063e+02 4.870000000000000000e+02
1.972406966296510689e+02 4.860000000000000000e+02
1.982733507888553959e+02 4.850000000000000000e+02
1.985285540321344229e+02 4.840000000000000000e+02
1.985435499030117512e+02 4.830000000000000000e+02
1.992060392442414809e+02 4.820000000000000000e+02
1.996203234043020132e+02 4.810000000000000000e+02
2.007807320720313840e+02 4.800000000000000000e+02
2.008404840518973344e+02 4.790000000000000000e+02
2.009023711233940332e+02 4.780000000000000000e+02
2.012714413610566453e+02 4.770000000000000000e+02
2.015717704829438048e+02 4.760000000000000000e+02
2.023920063556958553e+02 4.750000000000000000e+02
2.031157112640974276e+02 4.740000000000000000e+02
2.034786428975410786e+02 4.730000000000000000e+02
2.037808253660564617e+02 4.720000000000000000e+02
2.038162459383281657e+02 4.710000000000000000e+02
2.038883786949174919e+02 4.700000000000000000e+02
2.040401617888267367e+02 4.690000000000000000e+02
2.048357129814173163e+02 4.680000000000000000e+02
2.052907624960427881e+02 4.670000000000000000e+02
2.053915626543205519e+02 4.660000000000000000e+02
2.059619742152175377e+02 4.650000000000000000e+02
2.060191843433026122e+02 4.640000000000000000e+02
2.081904174530856153e+02 4.630000000000000000e+02
2.086749336443373863e+02 4.620000000000000000e+02
2.105118445503556757e+02 4.610000000000000000e+02
2.105887751987116303e+02 4.600000000000000000e+02
2.110863066568291799e+02 4.590000000000000000e+02
2.115854974675960136e+02 4.580000000000000000e+02
2.116074676402977843e+02 4.570000000000000000e+02
2.117141198006117691e+02 4.560000000000000000e+02
2.117453322645877734e+02 4.550000000000000000e+02
2.120068918598744006e+02 4.540000000000000000e+02
2.134468799809509392e+02 4.530000000000000000e+02
2.134581522565969181e+02 4.520000000000000000e+02
2.138802046725639627e+02 4.510000000000000000e+02
2.138952665483318754e+02 4.500000000000000000e+02
2.144383576042718289e+02 4.490000000000000000e+02
2.147302832208604855e+02 4.480000000000000000e+02
2.152726165729438037e+02 4.470000000000000000e+02
2.153544339408769872e+02 4.460000000000000000e+02
2.156651565757341871e+02 4.450000000000000000e+02
2.156722537492908032e+02 4.440000000000000000e+02
2.166149094741322756e+02 4.430000000000000000e+02
2.178255422623268771e+02 4.420000000000000000e+02
2.179018164622666802e+02 4.410000000000000000e+02
2.182084744258712874e+02 4.400000000000000000e+02
2.185771652125065714e+02 4.390000000000000000e+02
2.188486772531485656e+02 4.380000000000000000e+02
2.191376216931649594e+02 4.370000000000000000e+02
2.193190842049089326e+02 4.360000000000000000e+02
2.201255550849746783e+02 4.350000000000000000e+02
2.214918221367136937e+02 4.340000000000000000e+02
2.216277789811316836e+02 4.330000000000000000e+02
2.221454754347883522e+02 4.320000000000000000e+02
2.222756942546020298e+02 4.310000000000000000e+02
2.223157482718676192e+02 4.300000000000000000e+02
2.228430424411104127e+02 4.290000000000000000e+02
2.238628890158135789e+02 4.280000000000000000e+02
2.243254666538691993e+02 4.270000000000000000e+02
2.243994533421518156e+02 4.260000000000000000e+02
2.250332960394542852e+02 4.250000000000000000e+02
2.253667202018485227e+02 4.240000000000000000e+02
2.257226725885093117e+02 4.230000000000000000e+02
2.261796987249374808e+02 4.220000000000000000e+02
2.272306247158644510e+02 4.210000000000000000e+02
2.279323860047990422e+02 4.200000000000000000e+02
2.280821485766003320e+02 4.190000000000000000e+02
2.281482551188506136e+02 4.180000000000000000e+02
2.292503553566839969e+02 4.170000000000000000e+02
2.312383282774512168e+02 4.160000000000000000e+02
2.320838741917789037e+02 4.150000000000000000e+02
2.342914167032977559e+02 4.140000000000000000e+02
2.344336526553103113e+02 4.130000000000000000e+02
2.344512338484790916e+02 4.120000000000000000e+02
2.345556226428909952e+02 4.110000000000000000e+02
2.347115155841513570e+02 4.100000000000000000e+02
2.348507429241352042e+02 4.090000000000000000e+02
2.358699594529842898e+02 4.080000000000000000e+02
2.359406473925774037e+02 4.070000000000000000e+02
2.362763523878875560e+02 4.060000000000000000e+02
2.375862298056229633e+02 4.050000000000000000e+02
2.377697814845221558e+02 4.040000000000000000e+02
2.383156414462842747e+02 4.030000000000000000e+02
2.389137744668600476e+02 4.020000000000000000e+02
2.395414681918457234e+02 4.010000000000000000e+02
2.405091919851111015e+02 4.000000000000000000e+02
2.417476658608727860e+02 3.990000000000000000e+02
2.420521207654245472e+02 3.980000000000000000e+02
2.422385106570181108e+02 3.970000000000000000e+02
2.423584661784230718e+02 3.960000000000000000e+02
2.436900594013921477e+02 3.950000000000000000e+02
2.438596894576888303e+02 3.940000000000000000e+02
2.440800504492200389e+02 3.930000000000000000e+02
2.447800895212327532e+02 3.920000000000000000e+02
2.458403627821219857e+02 3.910000000000000000e+02
2.459180267480896873e+02 3.900000000000000000e+02
2.463524029911629611e+02 3.890000000000000000e+02
2.472442879646428651e+02 3.880000000000000000e+02
2.487288439218491760e+02 3.870000000000000000e+02
2.508677649916607209e+02 3.860000000000000000e+02
2.509836699651138474e+02 3.850000000000000000e+02
2.514531867986955547e+02 3.840000000000000000e+02
2.524956895040874940e+02 3.830000000000000000e+02
2.525345059394361726e+02 3.820000000000000000e+02
2.533947265934345410e+02 3.810000000000000000e+02
2.545038829812823167e+02 3.800000000000000000e+02
2.548918048922944877e+02 3.790000000000000000e+02
2.552930840419184051e+02 3.780000000000000000e+02
2.553299240817104021e+02 3.770000000000000000e+02
2.557847296570229503e+02 3.760000000000000000e+02
2.580889338935494948e+02 3.750000000000000000e+02
2.587527143902659077e+02 3.740000000000000000e+02
2.592408108857392790e+02 3.730000000000000000e+02
2.611194053673648909e+02 3.720000000000000000e+02
2.618976793627205097e+02 3.710000000000000000e+02
2.620871784736834798e+02 3.700000000000000000e+02
2.621589003746742037e+02 3.690000000000000000e+02
2.649555760654626511e+02 3.680000000000000000e+02
2.649591146711138094e+02 3.670000000000000000e+02
2.653643295672684417e+02 3.660000000000000000e+02
2.661190784017695705e+02 3.650000000000000000e+02
2.665201689022295568e+02 3.640000000000000000e+02
2.671009871230327235e+02 3.630000000000000000e+02
2.687292539211630356e+02 3.620000000000000000e+02
2.689458135345928440e+02 3.610000000000000000e+02
2.695727584317369292e+02 3.600000000000000000e+02
2.716880741694815242e+02 3.590000000000000000e+02
2.725283712083132173e+02 3.580000000000000000e+02
2.729240489266161376e+02 3.570000000000000000e+02
2.730256826244049080e+02 3.560000000000000000e+02
2.783692840857465285e+02 3.550000000000000000e+02
2.783852856636435149e+02 3.540000000000000000e+02
2.785694849736636343e+02 3.530000000000000000e+02
2.787763793733285524e+02 3.520000000000000000e+02
2.792868643690312638e+02 3.510000000000000000e+02
2.799986659913486733e+02 3.500000000000000000e+02
2.832123007415677876e+02 3.490000000000000000e+02
2.833375769303997345e+02 3.480000000000000000e+02
2.839715718724321505e+02 3.470000000000000000e+02
2.847913808834504152e+02 3.460000000000000000e+02
2.848071242469334834e+02 3.450000000000000000e+02
2.849730687751667801e+02 3.440000000000000000e+02
2.858282359959515588e+02 3.430000000000000000e+02
2.859572443793288130e+02 3.420000000000000000e+02
2.864245045018296310e+02 3.410000000000000000e+02
2.883370155774581463e+02 3.400000000000000000e+02
2.890168378141909216e+02 3.390000000000000000e+02
2.914942298734399060e+02 3.380000000000000000e+02
2.943236558109222187e+02 3.370000000000000000e+02
2.945776069635711565e+02 3.360000000000000000e+02
2.956611814872334207e+02 3.350000000000000000e+02
2.967402665489277638e+02 3.340000000000000000e+02
2.967543152640984658e+02 3.330000000000000000e+02
2.990021499133205225e+02 3.320000000000000000e+02
2.996837120737791338e+02 3.310000000000000000e+02
3.004545229596081413e+02 3.300000000000000000e+02
3.012508781210121356e+02 3.290000000000000000e+02
3.016767658408569446e+02 3.280000000000000000e+02
3.019201226721264106e+02 3.270000000000000000e+02
3.046325918686765704e+02 3.260000000000000000e+02
3.050981456081306078e+02 3.250000000000000000e+02
3.060884647119345345e+02 3.240000000000000000e+02
3.060909141828777251e+02 3.230000000000000000e+02
3.061754019366676971e+02 3.220000000000000000e+02
3.062161003367592116e+02 3.210000000000000000e+02
3.070861599348162372e+02 3.200000000000000000e+02
3.075652585434533535e+02 3.190000000000000000e+02
3.078954491115843553e+02 3.180000000000000000e+02
3.085131901587954530e+02 3.170000000000000000e+02
3.098653857591695555e+02 3.160000000000000000e+02
3.099420991893319410e+02 3.150000000000000000e+02
3.115979314433785134e+02 3.140000000000000000e+02
3.118247447840940367e+02 3.130000000000000000e+02
3.119593544779981471e+02 3.120000000000000000e+02
3.124399649600368321e+02 3.110000000000000000e+02
3.125192194707005342e+02 3.100000000000000000e+02
3.145273668484780387e+02 3.090000000000000000e+02
3.153249873259002811e+02 3.080000000000000000e+02
3.162464384125160564e+02 3.070000000000000000e+02
3.162837636437180890e+02 3.060000000000000000e+02
3.180379096009486943e+02 3.050000000000000000e+02
3.184518642653523557e+02 3.040000000000000000e+02
3.186678276301921073e+02 3.030000000000000000e+02
3.187744748044684115e+02 3.020000000000000000e+02
3.191576769014690171e+02 3.010000000000000000e+02
3.198266040197418647e+02 3.000000000000000000e+02
3.206337833871477869e+02 2.990000000000000000e+02
3.207274493858379856e+02 2.980000000000000000e+02
3.208019406682371368e+02 2.970000000000000000e+02
3.225624723230247923e+02 2.960000000000000000e+02
3.231456766085900654e+02 2.950000000000000000e+02
3.234232787136938327e+02 2.940000000000000000e+02
3.234589639329510646e+02 2.930000000000000000e+02
3.234827587959151174e+02 2.920000000000000000e+02
3.249680165497091480e+02 2.910000000000000000e+02
3.269379587193242855e+02 2.900000000000000000e+02
3.282878087390323572e+02 2.890000000000000000e+02
3.285653107098739270e+02 2.880000000000000000e+02
3.298673414878241488e+02 2.870000000000000000e+02
3.308655984938728238e+02 2.860000000000000000e+02
3.321435120155423988e+02 2.850000000000000000e+02
3.328078693703427007e+02 2.840000000000000000e+02
3.330130448487460058e+02 2.830000000000000000e+02
3.353485244013317015e+02 2.820000000000000000e+02
3.367372926415916936e+02 2.810000000000000000e+02
3.394474087536610796e+02 2.800000000000000000e+02
3.399495002174887759e+02 2.790000000000000000e+02
3.400314323819059723e+02 2.780000000000000000e+02
3.427072591360681031e+02 2.770000000000000000e+02
3.439638881532398500e+02 2.760000000000000000e+02
3.447616740197811396e+02 2.750000000000000000e+02
3.449534399193143486e+02 2.740000000000000000e+02
3.468930962229674719e+02 2.730000000000000000e+02
3.474821775272784521e+02 2.720000000000000000e+02
3.538157256387553389e+02 2.710000000000000000e+02
3.546447141987271721e+02 2.700000000000000000e+02
3.549083569778082392e+02 2.690000000000000000e+02
3.549926801420641027e+02 2.680000000000000000e+02
3.553722860665145618e+02 2.670000000000000000e+02
3.571034648212103093e+02 2.660000000000000000e+02
3.578541207502973407e+02 2.650000000000000000e+02
3.588389678280124713e+02 2.640000000000000000e+02
3.593388641185231904e+02 2.630000000000000000e+02
3.593883515649161495e+02 2.620000000000000000e+02
3.606041357381015473e+02 2.610000000000000000e+02
3.660607264070029032e+02 2.600000000000000000e+02
3.675627943519889413e+02 2.590000000000000000e+02
3.683928222335825353e+02 2.580000000000000000e+02
3.697013601364176907e+02 2.570000000000000000e+02
3.731285643126229274e+02 2.560000000000000000e+02
3.731719532119668088e+02 2.550000000000000000e+02
3.758072433899035900e+02 2.540000000000000000e+02
3.769111480687255380e+02 2.530000000000000000e+02
3.771163360197454608e+02 2.520000000000000000e+02
3.780515361500038694e+02 2.510000000000000000e+02
3.790381347084142476e+02 2.500000000000000000e+02
3.796578144834514319e+02 2.490000000000000000e+02
3.796725652521428742e+02 2.480000000000000000e+02
3.802551528789716713e+02 2.470000000000000000e+02
3.811236542830947656e+02 2.460000000000000000e+02
3.817050891424855195e+02 2.450000000000000000e+02
3.817591540847049032e+02 2.440000000000000000e+02
3.824772130079520025e+02 2.430000000000000000e+02
3.843447006527551935e+02 2.420000000000000000e+02
3.846979033266370038e+02 2.410000000000000000e+02
3.855910239494522216e+02 2.400000000000000000e+02
3.866129862557855290e+02 2.390000000000000000e+02
3.884936676761504373e+02 2.380000000000000000e+02
3.885104022552253014e+02 2.370000000000000000e+02
3.933113487200527061e+02 2.360000000000000000e+02
3.950003379542860671e+02 2.350000000000000000e+02
3.959527342070947498e+02 2.340000000000000000e+02
3.960094705295218205e+02 2.330000000000000000e+02
4.022262251599352112e+02 2.320000000000000000e+02
4.028954069631291759e+02 2.310000000000000000e+02
4.059148049047018390e+02 2.300000000000000000e+02
4.068758792896719001e+02 2.290000000000000000e+02
4.070742256861612987e+02 2.280000000000000000e+02
4.090264351158648992e+02 2.270000000000000000e+02
4.100049756053994656e+02 2.260000000000000000e+02
4.120608646797103916e+02 2.250000000000000000e+02
4.177273128710258447e+02 2.240000000000000000e+02
4.200427369584167536e+02 2.230000000000000000e+02
4.204237808127047629e+02 2.220000000000000000e+02
4.205243395451207107e+02 2.210000000000000000e+02
4.234576514919401120e+02 2.200000000000000000e+02
4.237661881701679931e+02 2.190000000000000000e+02
4.239363373841968041e+02 2.180000000000000000e+02
4.239393333552372951e+02 2.170000000000000000e+02
4.240637766466131779e+02 2.160000000000000000e+02
4.250211351790981098e+02 2.150000000000000000e+02
4.286650856089499939e+02 2.140000000000000000e+02
4.303468458598997586e+02 2.130000000000000000e+02
4.320614491570663063e+02 2.120000000000000000e+02
4.322234360598486660e+02 2.110000000000000000e+02
4.361710361363452648e+02 2.100000000000000000e+02
4.367855495514542667e+02 2.090000000000000000e+02
4.371574491270508247e+02 2.080000000000000000e+02
4.382892235850838460e+02 2.070000000000000000e+02
4.408713419341980284e+02 2.060000000000000000e+02
4.409924861873398640e+02 2.050000000000000000e+02
4.411245299737566370e+02 2.040000000000000000e+02
4.413254992471773903e+02 2.030000000000000000e+02
4.428982960716924140e+02 2.020000000000000000e+02
4.445255490438476045e+02 2.010000000000000000e+02
4.455032289114899982e+02 2.000000000000000000e+02
4.458931756086925020e+02 1.990000000000000000e+02
4.508446921270203234e+02 1.980000000000000000e+02
4.519774085057090929e+02 1.970000000000000000e+02
4.522673669271212589e+02 1.960000000000000000e+02
4.530129426103122796e+02 1.950000000000000000e+02
4.532457131559912114e+02 1.940000000000000000e+02
4.582163522208403492e+02 1.930000000000000000e+02
4.601257256322647891e+02 1.920000000000000000e+02
4.603466888368253649e+02 1.910000000000000000e+02
4.630961686095973278e+02 1.900000000000000000e+02
4.652903867432856373e+02 1.890000000000000000e+02
4.685579722586832645e+02 1.880000000000000000e+02
4.688797929507969116e+02 1.870000000000000000e+02
4.691226014845098575e+02 1.860000000000000000e+02
4.706971061541196377e+02 1.850000000000000000e+02
4.707166498672252715e+02 1.840000000000000000e+02
4.805229918894850698e+02 1.830000000000000000e+02
4.817428582455476089e+02 1.820000000000000000e+02
4.859782903057393355e+02 1.810000000000000000e+02
4.896051435518132848e+02 1.800000000000000000e+02
4.897200053324571059e+02 1.790000000000000000e+02
4.936491556437468944e+02 1.780000000000000000e+02
4.946957165750673084e+02 1.770000000000000000e+02
4.956941124890656738e+02 1.760000000000000000e+02
4.970081709405284300e+02 1.750000000000000000e+02
4.975129417228370698e+02 1.740000000000000000e+02
4.975232944030241242e+02 1.730000000000000000e+02
5.010413667806805620e+02 1.720000000000000000e+02
5.029526886426118608e+02 1.710000000000000000e+02
5.046606737230146678e+02 1.700000000000000000e+02
5.046967922298066469e+02 1.690000000000000000e+02
5.070561058024471208e+02 1.680000000000000000e+02
5.081175151984506897e+02 1.670000000000000000e+02
5.100614636521718808e+02 1.660000000000000000e+02
5.102998384794485105e+02 1.650000000000000000e+02
5.104144650654622524e+02 1.640000000000000000e+02
5.108752965060328393e+02 1.630000000000000000e+02
5.110344539021551213e+02 1.620000000000000000e+02
5.121211634783854834e+02 1.610000000000000000e+02
5.161974345754431397e+02 1.600000000000000000e+02
5.168466363661716514e+02 1.590000000000000000e+02
5.179746633669390121e+02 1.580000000000000000e+02
5.184398636744269879e+02 1.570000000000000000e+02
5.194394583716135685e+02 1.560000000000000000e+02
5.259391002190410518e+02 1.550000000000000000e+02
5.284573601521326509e+02 1.540000000000000000e+02
5.297302485674421177e+02 1.530000000000000000e+02
5.312777884093992498e+02 1.520000000000000000e+02
5.346616919616600399e+02 1.510000000000000000e+02
5.371965774558651674e+02 1.500000000000000000e+02
5.399965829649637499e+02 1.490000000000000000e+02
5.430962911508629531e+02 1.480000000000000000e+02
5.433468819034430908e+02 1.470000000000000000e+02
5.439483464636635972e+02 1.460000000000000000e+02
5.443828922306437335e+02 1.450000000000000000e+02
5.459354524037121337e+02 1.440000000000000000e+02
5.474633163812242174e+02 1.430000000000000000e+02
5.481388197510102600e+02 1.420000000000000000e+02
5.484364075164430687e+02 1.410000000000000000e+02
5.487272094234422184e+02 1.400000000000000000e+02
5.500624982624101449e+02 1.390000000000000000e+02
5.504678262989050381e+02 1.380000000000000000e+02
5.516663091050452294e+02 1.370000000000000000e+02
5.535747154495498989e+02 1.360000000000000000e+02
5.560544566168132405e+02 1.350000000000000000e+02
5.568044163708478891e+02 1.340000000000000000e+02
5.602756610554462213e+02 1.330000000000000000e+02
5.604023435171425263e+02 1.320000000000000000e+02
5.623643973170870822e+02 1.310000000000000000e+02
5.641459526719428368e+02 1.300000000000000000e+02
5.647300966483012417e+02 1.290000000000000000e+02
5.670501442975682949e+02 1.280000000000000000e+02
5.691609919650574057e+02 1.270000000000000000e+02
5.692843408452471294e+02 1.260000000000000000e+02
5.699372825225922270e+02 1.250000000000000000e+02
5.722288714385027788e+02 1.240000000000000000e+02
5.741032900411751143e+02 1.230000000000000000e+02
5.815898089287915127e+02 1.220000000000000000e+02
5.840232057521227489e+02 1.210000000000000000e+02
5.861074668820541547e+02 1.200000000000000000e+02
5.890586848449526087e+02 1.190000000000000000e+02
5.921347486467615227e+02 1.180000000000000000e+02
5.921879839396923444e+02 1.170000000000000000e+02
5.931292086498417575e+02 1.160000000000000000e+02
5.950322375659496856e+02 1.150000000000000000e+02
5.962636916269310632e+02 1.140000000000000000e+02
6.001829553544769169e+02 1.130000000000000000e+02
6.011889388770838423e+02 1.120000000000000000e+02
6.022978553255271663e+02 1.110000000000000000e+02
6.072183934861604939e+02 1.100000000000000000e+02
6.098871643413283437e+02 1.090000000000000000e+02
6.114810606748930013e+02 1.080000000000000000e+02
6.115932326399034764e+02 1.070000000000000000e+02
6.177900607097635657e+02 1.060000000000000000e+02
6.198536004928099601e+02 1.050000000000000000e+02
6.201388590481832352e+02 1.040000000000000000e+02
6.219503629217517755e+02 1.030000000000000000e+02
6.231227410547340924e+02 1.020000000000000000e+02
6.242514821382137598e+02 1.010000000000000000e+02
6.248527335225221577e+02 1.000000000000000000e+02
6.322699669211028777e+02 9.900000000000000000e+01
6.357427262106225498e+02 9.800000000000000000e+01
6.381317338290442649e+02 9.700000000000000000e+01
6.441493010572656885e+02 9.600000000000000000e+01
6.457824665341086074e+02 9.500000000000000000e+01
6.489381855118745079e+02 9.400000000000000000e+01
6.507420907840921700e+02 9.300000000000000000e+01
6.588015801138138841e+02 9.200000000000000000e+01
6.614949508493763233e+02 9.100000000000000000e+01
6.647191031010007691e+02 9.000000000000000000e+01
6.653725667750245520e+02 8.900000000000000000e+01
6.656404747662197678e+02 8.800000000000000000e+01
6.669591405735113767e+02 8.700000000000000000e+01
6.693593377390803880e+02 8.600000000000000000e+01
6.713304079890637013e+02 8.500000000000000000e+01
6.718045157113558616e+02 8.400000000000000000e+01
6.787353895823820267e+02 8.300000000000000000e+01
6.787640270662975581e+02 8.200000000000000000e+01
6.865707113575782614e+02 8.100000000000000000e+01
6.888522221081590260e+02 8.000000000000000000e+01
7.053470319787055587e+02 7.900000000000000000e+01
7.081557398726201882e+02 7.800000000000000000e+01
7.085135670060955135e+02 7.700000000000000000e+01
7.092528566556271699e+02 7.600000000000000000e+01
7.183323241215432517e+02 7.500000000000000000e+01
7.204070583588736554e+02 7.400000000000000000e+01
7.256020304417424995e+02 7.300000000000000000e+01
7.299933255345756606e+02 7.200000000000000000e+01
7.380136385615196559e+02 7.100000000000000000e+01
7.404942453949634000e+02 7.000000000000000000e+01
7.545771848533362345e+02 6.900000000000000000e+01
7.563443640087056110e+02 6.800000000000000000e+01
7.570939957868318970e+02 6.700000000000000000e+01
7.581637544105120696e+02 6.600000000000000000e+01
7.612904577696376691e+02 6.500000000000000000e+01
7.624347058973652338e+02 6.400000000000000000e+01
7.799728005592979798e+02 6.300000000000000000e+01
7.813342262203944983e+02 6.200000000000000000e+01
7.813575618977733939e+02 6.100000000000000000e+01
7.834043577529256481e+02 6.000000000000000000e+01
7.955823799406606440e+02 5.900000000000000000e+01
8.025392338777464829e+02 5.800000000000000000e+01
8.041205364795978312e+02 5.700000000000000000e+01
8.075837291680928729e+02 5.600000000000000000e+01
8.096049903700621826e+02 5.500000000000000000e+01
8.105682844504096920e+02 5.400000000000000000e+01
8.226860252702814478e+02 5.300000000000000000e+01
8.262622411790840715e+02 5.200000000000000000e+01
8.330096692038371202e+02 5.100000000000000000e+01
8.333773028693394735e+02 5.000000000000000000e+01
8.353739099016119098e+02 4.900000000000000000e+01
8.428296441347663404e+02 4.800000000000000000e+01
8.446113059458114094e+02 4.700000000000000000e+01
8.464496210309910111e+02 4.600000000000000000e+01
8.471680366362609220e+02 4.500000000000000000e+01
8.548662396827428438e+02 4.400000000000000000e+01
8.581126526892571746e+02 4.300000000000000000e+01
8.667877333205094601e+02 4.200000000000000000e+01
8.756275098120031544e+02 4.100000000000000000e+01
8.857575633468661636e+02 4.000000000000000000e+01
8.862510671191784013e+02 3.900000000000000000e+01
8.864081262111667456e+02 3.800000000000000000e+01
8.866182069832509569e+02 3.700000000000000000e+01
8.931084437968884231e+02 3.600000000000000000e+01
8.983203527180876335e+02 3.500000000000000000e+01
9.763223772469841606e+02 3.400000000000000000e+01
9.844510685504269532e+02 3.300000000000000000e+01
9.907406122562680366e+02 3.200000000000000000e+01
9.977907069140991325e+02 3.100000000000000000e+01
1.000951748121488322e+03 3.000000000000000000e+01
1.002720790674295586e+03 2.900000000000000000e+01
1.004324397531994123e+03 2.800000000000000000e+01
1.006629691632783874e+03 2.700000000000000000e+01
1.023342501314534047e+03 2.600000000000000000e+01
1.041361216751684651e+03 2.500000000000000000e+01
1.045754184355080724e+03 2.400000000000000000e+01
1.052298617586471210e+03 2.300000000000000000e+01
1.052667692993250967e+03 2.200000000000000000e+01
1.068498842614543264e+03 2.100000000000000000e+01
1.103035028578826086e+03 2.000000000000000000e+01
1.112596896394114765e+03 1.900000000000000000e+01
1.142850793289820786e+03 1.800000000000000000e+01
1.174444274306884381e+03 1.700000000000000000e+01
1.174496455365550901e+03 1.600000000000000000e+01
1.185094486803511245e+03 1.500000000000000000e+01
1.185409427419173198e+03 1.400000000000000000e+01
1.218737502184490040e+03 1.300000000000000000e+01
1.248749602753388899e+03 1.200000000000000000e+01
1.289261805237675389e+03 1.100000000000000000e+01
1.322077180498972211e+03 1.000000000000000000e+01
1.324237816894126354e+03 9.000000000000000000e+00
1.341297419153398323e+03 8.000000000000000000e+00
1.370273948787972358e+03 7.000000000000000000e+00
1.406177874131078852e+03 6.000000000000000000e+00
1.422945950155310811e+03 5.000000000000000000e+00
1.479878565214959735e+03 4.000000000000000000e+00
1.499031353473728132e+03 3.000000000000000000e+00
1.613731991519077383e+03 2.000000000000000000e+00
1.825315785756379455e+03 1.000000000000000000e+00